“7ffimffifflffifflW77

55518552 555 554555 556 555 558 ’559 550

EG 550 550· Mc 550“”“55““ 0 MGWMGMG M
Ι5-5187Ἳῖῗ57 5558 23 58 55 59 25 59 56860 5760 58 6559865 0
4559 55459 5460 5660 4 65 5065 55565 5465 5665 28 64 0
33⁶¹ 565 5665 965 4565 5565 4864 5564 5465 5766 0

{ffimmffiffiffiffiffiffiffi

³5⁶⁴ 55565 5065 5466 5069 5⁶7 5068 15⁶8 50⁶9 2570 0
ὅ455 55557 5567468 5469-049-53Μ705575 2472 0

-u—-qfi-——t--n— ”annu-..nnn-

. {568 5769 469 4570 1870 55⁷¹ 5575 Ι975 4675 2374 0
5550 5870 5675 5475 12 72 5055 2874 ⁶74 45 55 227⁶ *0
5505053536 655550 mmmm&
4074 074 4075 507Τῖ576 5077 5078 078 4079 5080
4575 5576 5577 5577 54 78 5579 5679 5780 5885 5985 0
05559ῑὶ5559 ⁶⁷⁹⁴QQQQQQ 0

—

⁵ 4579 5580 5680 5985 45 85 5585 8485 5584 5485 5586ι 0
4485 5485 885 5585 4684 5085 485 4886 5587 5688 0
4585 5584 084 4585 5086 5587 0⁸87 4588 5089 5590 0

*m

ῐέδῖῐξῖῐῖιὸό 558ᾟΠΠΠΠΠ5Π
5ΜΜΜῊΉΗΗΗἨἩ
ῆῆηῆπῆΜῊῆῃπ
5092 5095 50495 50495 095 50 ⁹⁶ 4097 30 98 20 99 ιο 100 0
55 95 21 95 1² 9⁶ 5,96 54 97 55 98 55 2}[„32 ¹00 ¹8 505 9 102 0
Hffiffi'ffl'mfflffimmffiffiffi
5598 398 5699 494500 45 505 55 505 58 103 2¹ 504 54 505 7506 0
5505559558 QQQQQQ 1922 [ορ-ς
55 505 45 505 40 505 45 504 30 505 55 506 20107 ¹5 508 50 109 5440 0
56 505 56 504 55 5055850654 507 50508 56 509 55 110 8211 4
HQQQQQQQQQQ

58 507 58 508 56 109 54550 55 555 50555 8555 6’554 4555 5556 0
59 409 9550 8555 7555 6555 5554 94555 7556 5557 5558 0 ’

ffffmfflfflmfflmfflmm

555 555 555 ¹¹4 5551556 557 558 559 590 ’

——u—-uh-——n-w

. ,μ

,-

 

