ᾗῖΠΠΠῆ-ᾗῆ 393733383333933 ρ
3333 3337 3338 3638 48 29 3033 3330 33433 3633 3833 0

36 30 3633 33 33

ἦΠΠΠΠΠΠΓΠΠΠ
3333 3833 3633 3434 u 34 3033. 3836 636 4337 3338 ο
QMQMUMQMMQQ
444 033 3033 3036 ,(336 3037 3038 038 4039 2040 0
¹ 4334 3333 3336 3336 3437 3333 3638 3739 3843 3343 ο1 .-

4333 *QZ-237 48QQQ40 3643 3843 o ,
33Π373637 33ῑΠ333 3330 840- 5¹...ss-
4437 3438 838 5239, 3640 3043 ,443 48 x ,
οΜΗΜΜΜΗΜΜΜΜ3
3633 633 33330 3333 34 43 3033 3633 33 4438 33 33 46 0

33 3730 33333333 ⁴1 33 333 3333 3343 3343 33 47 0

fflfflfflfflfflfflfflfflw 3348 ο- ,
3343 3443 33343 ¹744 644 55 33 3336 3337 33Π4Γό

43 30143 3044 3043 043 30 ⁶ 4047 3048 2049 ¹0¹0 0
afflfflfflfflfflfflfflmfflffl

44 3343 443 36346 4847 4038 3349 3430 3633 833 0 ’
33 33 333 3636 4337 33 38 3333 3830 33

43 210251 m„ 33333 333 ε

3748 37434433 3333 3 33 3333 3334 955 ⁶5⁶ 357 0,
sswffiffiffiffimffiffiffiffi
5¹ 333 733 6333 58 ¹590

 

