*W

78 Tabula,Sexagenaria 181Ιὲ1κί4111 Multiplican'om',

mm

111·112 113 114 ¹15 ¹16 117 118 119 110

7ηῆῆπῆῆῆηηπ

9119109149199419419419199111 .
Mfflfflfflfflfflfflfflfflffl

· ’ 7111111’4Π14181111144111191446141114 o
81448141614 411111110111811161144111116 o
1ΜΜΜΜΜΜΜΜΜΜ

1018 4018 4018 1019 019 1019410117 3019 4019 5020 0
2 11101110111041101411 1111611171148114911 ο
ssfflfflfflfflfflmfflfflfflw

1414 414 1614 1914 4114 ,1115 811111144114716 0
14111416 816111616161017 417 1817 4117 4618 0
1417 41,18 ΟΜΜΜΗΨ ¹5 ²⁹ ³⁰²⁹ “U

JZW‘p-s’jho 8101410404016ᾗ-Ῑῖ1-1-Ῐ8Π11 0
1741 17111 4411 141 ¹8 41 1141 1111 711 16ἷ14 44 14 0

ΕΜΜΜΜΜΜΜΜΜΜ

. 1911 935 1841 4716 616 1116 4417 177 11117 4148 0
10 47 ,04710 47 4048 048 1018 4049 019 10149 4040 0 l
flwfflfflfflfflfflfflfflfflffl‘

11414141 4411641484111417141144416414844 0
14414444164119414144 1441844114114414746 0
ι11444 14444841 11414646 0461446484711471648 0

4441444447 147494711481048414910494110 ⁰
1648 6148 4148 1849 1449 5050 16 50 425¹ 811 34 52 0
17491710 2450'5151 1811411111114911 6144114 0

,ῦῆῆῆῆῆῃῆῆῆπ
ι9111114 8141711 6111116 4161417 11741414
fffflfflfflwfflfflwmfflffl

ῃ

m 111111 114114114 117 1111191114·

*mm—a·-

 

