“W

ww

44 44 33 34 35. 36 47 48 49 4ο

han—*wendu-

ρο Mc 440 Ma ΜΠΠΠΠΠΠ

33¹8 4049 4449 4440 46ἒὲ 4ἕζῗῖο
nfflfflfflQfflfflfflfflfflu 0

4447 4448 848 4449, 4649 4040 4440 4844 4444 644 40
4448 448 40 44 4449 4040 4444 044 44 22 1644 44 23 40
ώΜΜΜΜωωωωωκ

37' 49 449 44840 4440 4844 4444 ¹222 ,44 44 4644 444 40·
4849 4840 46440 44 44 44 44 v10 44 48 44 46 24 424 42 44 20.
aemfflwfflwmmmmae

4040 4044 40444 44 4044 4044 ⁰24 40 44 4046 046 40

4444 4444 4444 4444 4444 4444 4644 17²5 4846 494Ξ 40
4444 4444 4444 644 4844 4044 4444 4446 4644 484 0

§ffiffiffiffiffiwffiffiffiw
4444 4444 48144 4444 4644 4046 44 47 847 4448 4649 40
ssmmfflwfflfflfflQfflm
4644 4644 4444 4846 ,446 §027 3628 2229 829 5430 ⁴0
44 44 ,44 444 444 4 444 12 {zzz 44 444 ²2
ssffiwffimwffiffiffiffin·
4044 4046 4047 4048 4049 4040 0444 50 44 4044 4044 40
QQQQQQMQQMM
4446 4447 4448 46494840 4044 4444 444 4644 4844 ·
4447 4448 4644 9³0 ²30 4444 4844 4444 4444 4744 46
QQQQQQQQQQL
4448 4449 4040 4444 4044 444 044 4444 4044 4446 40
4648 4649 4440 4 44 4444 4044 4644 4444 48464447 4
εΜΜΜΜΜΜΜΜωΜ

5⁸²⁹ 5⁸³0 5⁶³¹ 44 44 4444 50 44 48 44 4646 4447 4448 4
59 30 2931 ²⁸3² 4744 2⁶3⁴ ²5 44 ²4 46 4447 4448 4449 4ο Ι
fffflfflfflfflfflfflfflfflmw

’Ὴμπηηκημυω

 

