· 816 816 4616 44 16 4416 4016 4846· 4617 447 4447 40
918 948 1818 4718 4618 4 8 1419 419 1419 4149 40

4040 1040 4040 4040 4040 4044 041 4044 4044 4044 40 4
14441444 4444 4444 4444 4411 644 4744 ...ι-6848444 4944 40.

26 4826 0

7 1748 10
49 640 40
1111111ο

1441441414641461117 1171817111711
. 1448444848184148161910111419181911

1611164111114811 411191116444444 8
171117441414111 8111111414449414646444140

1146 1146 5⁶5⁷ 047 1117 1811 1898 4111 441 174
1448 4448 4849 4449 46

,11404440404144414911 111191111111911 411410

19 50

. ²⁶52 16444 44141841 4414 19141611 111 2855 545⁶ 20

17 55 27 5⁴ 14 55 1111 486

486 4846 4647 4447 4448 4048 4849 1649 4460 4410 40
19148 498 849 4749 46604 44 60 4464 4461 4464 4164 40
611961 9 61 1961 9641161 9

’8141 144 141 144 414 146 447 525 149 140 ,

125·-

84 ²454 40 ’

5

 

