Dimfio‘m’m 14444644644464446474004448044 iss 75 ι

μΗΗηΠήΠΰπω

ff'fflffiwffiffimffiffimffi
641414411Π46ἾΞΠΠ66ΠΠΠ

. 3237 41461446 4644 1641 040 4144 4414641 64140

ammfflfflfflfflwfflmw

4440 1440 4641 1141 4641 40 44 4Π44 1144 4644 10
4446 6646046 4ἒ44 1044 4444 0044 5545 4046 446 40
ggfflfflm *zfflfflfflfflffi 4647 ²⁴2⁸..AE

wn⁴u4u6 ψ4

4644 4644 46;46 1446 4147 4046 646 46 49 1440 140 40

wfflfflfflfflwwwwfflffl

1547 1046 0646 40149 1οΉΠΠῘῙΪἙ41 4044 10

4146 4144 1140 44 40 4441 1444 46 52 4744 1644 4944 40
644 4844 4044 ¹253 4444 4644 4846 0 .

4440 4441 4641 14 44 144 44441644 1144 4446 474710
4441 444 4644 4144 1644 ·0 55 4446 1641 1147 4646 40
4ΜΜΜΜΜΜΜΜΜΜ
4644 2⁶ 55 ¹255 585⁶ 4447 4048 16 59 149· 4860 4464 40
644 64 444 444. 4444 44 444 4444 444 446 4
4ῆΠῆπἫπηῆῆῆ
4044 4060 060 4064 4067. 4064 4064 4064 06414066 140
QQQQQQQQQMQ

4464 4464 4464 4664 864 0²65· 5² 66 4467 4668 4869 40
4461 4464 4664 ²9 64 ²² 66 ι4867 868 468 54 69 4770 40
ἉΜΜΜΜΜΜΜΜΜΜ
6664 466 066 4467 4066 4469 4070 4474 4074 4474 20
4666 4667 4468 864 -470 070 4674 4444 4873 4474 40
5267 4768 4469 44 70 4874 ¹572 ¹273 974 ⁶⁷5 476 0
sssfflffiffiffiffifflffiffiffixffi

{3⁶⁹ 4110 4671 4771 4674 4474 4474 4476 4147 4178 40
-ΜΜΜΜΜΜΜΜΜΜ

 

4846 4446 4447 mmm& 20 - .

