99 99 «99’ 94 99 96 99 99 99 444 ⁵

&ffiffiffimffimmmmm
3147 947 9948 948 9449 949 9699 799 9899 999 49

49484949 449 4690 50 4099 9999,4499 9699 4894 90
9999 999 9699 999 4999 9999 4899 4494 9494 ,9799 0

m

ᾗΠΠΠῆΜΠΠῆἨΝΤ
. 9994 889 4094 8484 5055 9996 05} 9494 4497 4998 90
9699 9699 999949 9499 997 969 99 499 2460 0

9796 796 44897 99 97 9898 99 99. 9999 9969 96 69 994 49
4897 48 98 96998 9499 79 60 9060 4864 9669 469 49 64 20

wfflfflfflfflwffiwmfflffl
4360 4066 40869 069. 4064 90464 οῆ64 206⁶ 065 4⁰
4969 9969 99869 7964 9464 99469 3666 9766 9847 39⁶8 20
42⁶3 42 64 24⁶5 ⁶55v 4866 30167 49867 9468 46449 48 .

43 69 4469 9669 4967 9968 968 4869 4470-9470 9774 40
44 66 4467 98868 99 68 9669 4ο 70 94 79 874 99 79. 4674 90 ·
ρΜΜΜΜΜΜΜΜΜΜ

4669 4679 9979 9879 479 9974 4974 4474 879 9479 4ο
47 78 87 72 472 5¹73 38¹74 25 75 9979 9976 4677 44 78 20.-
ssfflfflfflwfflfflfflfflfflw
49749979 879 9776 4677 9978 4474 47844 4844 9484 40
9979 9976 4999 9978 9979 1080 080 50 84 4484 30 84 20

-Lss-stfflfflfflffl 3682 9784 9884 989 0
ᾗ78 5279 44804684 9889 zoffiffiffiwffi
5380 9489 1689 983 283 5584 4885 4986 3487 9788 20
amfflmmwfflfflfflww
99484 9984 9089 4986 4087 988 088 5589 403·ῆῇῑῇ
9684 ’9689 99 36 4887 44 88 4989 4699 9499 2892 9499 20
EQQQQQQMMQQ

5887 5388 5689 54⁹0 5²9¹ 5092 4894 4694 4499 4996 499ι
5989 ²990 289¹ 2792 2693 25 94 94 95· 23 96 9997 9998 90
9ΜΜΜΜΜΜῊΜΜΜ,

98 92 96 94 9996 97 98 99 900,
K 2r

 

