nunu-''¹''

552710715720725730

4 908968418488149 0

1ΜΠΠΠῆΉῢΠΠῆ

8111 4810 9611 411 1111 1011 1811 9911 4411 5² 11- 0
2mfflfflfflfflfflmmfflw
⁴1013 3013 4019 1014 014 1014 20141 9014 4014 5015 0
1114111111111111411111146111116816191616
1111 11ΜΜΜΗΜΜΜΜΜ
13871117 4611 5918· 11181118 9818 9119 419 1719 30
1418 1419 819 1119 9619 9010 410 1810 9110 46116
fffflfflfflmfflwwmfflw
1611196111111 811141140119619 1119 1ἕῖ9 4414 (⁰³
ἔ8ἑ8888Ξ818888ἔ818888ὶ888
1919991113161716961619171417411711Πῖῖο

. 1017 01710174018 0181018401, 01910194010 0

'.fl

. 1118 1118 4119119 1419 4116 ,616 2730 4811 9111Ο

sswffisswffiffiffiffiwffi
1111 1111611491111111111181111114414 11416 1
wfflmfflfflfflfflwfflffl

1111 4114 1614 1ἑ11 611 1111 1616 1116 4617 537 16
1111 6111111116116161716114118 81814116
nfflfflfflfflfflfflfflwfflffl
18114818 1618 4411 1119 4646 8461641 4411141 0
1911 1111846 1461641 1411441 141-1141 44116
ΝΜΜΓ ³⁰fflwfflfflffl⁴⁴ ⁰22.AE

¹210283184858687888990

 

