’141ἷ131144 144 ’144 146147148149 140
35ffi67fflTMffssffffmfffiffffi‘ffssffffiffffi„
ffmmmffimmwmmm
³2 8991 7014 7016 711 71 0 7111 71 47111 74 8 7440
11ΜΗΜΜΔΕΜΜΜΛΞΖΜ

ᾗ741471487111711676107747718781148407110
,47611770771478104841491049118040118140
,6 7846 ,9.11 794 8814 10 140 111 81488414 840

8258* 84 46 8414 84 5² 85 30 86 8 8646 8714 8848 88ἑὲ

ψωΜΜΜΜΜΜΜΜω·

158710 88 0 8840 8910 90 0 9040 9110 91 04110 9320
41 8911 911190119114 9111911191179411 94119146
offifflfflfflfflfflfflfflfflffi:

Ῑξ9111 9416911996 19141971398119874994710010
44 96 4 96 48 97 32 9816 99 0 994410018101111014610140
412111119911139191111191310311911010411010
ἶὲΙΟΟ 26 ¹0¹ 12 101 58 101. 44 103 30104 16105 2 10448 106 34107 20 ¹

441011710114104111041 10141106111071910 6108 53 109 40Ι

491061910718103171091611018111 4111 1111141114 4111110
4010910110 0110 40111 40 111 4011410114 10114 011 4011640
ΗῊἨΜῘΜΜῊῊΜΗἩ,

41114 41 11414114 16416 8117 01171111844114411101111111,
4411444116461171911181111914110 8111· ι1111411147114411 .
&QQQQQQQQQQ

5512‘0 5¹2¹ 0111 551225012345 1144011111 116401171711810
461111611411114 8119 4114 01161611711118481194414040
471141711714116111171 11 1111911110 9141 6141 4144 o ,

’Ἳ-ι--αδ-ι--ῇι-ι-*ῄ -

58 116 48117 46 118 44 119 41 11010111 13 111 16144 14 14411144 10
19118 49 119 48 130 47 111 46 11141 111 44 114 41 14 41 146 41 11740
QQQQQQQQQQQ

>.

ξῙῆῖΉἙἾΠἮΠῊΉ1
1

 

