ρ , ⁸ ι ι

4

4 ’ Ἠῖωἰβοηί, (941444448448944474744944484484. ’ 84

mmmmmmmmmm
{QEOEQQQQQQQ
4454 4454 ⁴²53 44 44· 4454 54 44 4645 -47 44 4846 4944 40
4444 5454 4444 5645 4856056 4457 447 4448 848 444γ
9ΜΜΜΜΜΜΜΜΜΜ
' 34 47 4454 4858 4448 46 40 4060 460 4844 4444 4444- 40

. 35 48 44449 9060 460 4064 4464 40644 4464 0464 4464 40
4Μωωωωωωωωω
‘3362 17:62 4464 4464 864 4464 4468 5966 4667 4467 40
38 64 ’4864 4664 4464 4466 4067 867 4668 4469 469 40

1 39⁶5 4966 4866 4767 4468 4468 4469· 4470 4470 4474 40

4067 2068 068 4069 2070 0701540711072 ,ἐμ 4073 20
4169 469 ,4470 4474 474 4474 4674 774 4874 4974 ¹0
ufflfflfflfflwfflwmfflw

2'372 2373 674 4974 4478 8878 8876 4877 4478 778 40
4474 478 4878 8876 4677 077 4478 4879 4479 4680 40
45Μ4ΜΜΜΜΜΉῊῊΜ

'4277 4678 44ξ78 4879 4480 40 84 4684. 484 4884 3484 20

797

ἐξ 80 48

{gg} Σ4884 084 4086 4087 4088 4089 4090 090 4094 ,40
84 4486 44887 4488 4489 4490 690 4794 4894 49 9440

gfff-{383 24'89 4690 894 094 4494 4494 4694 2895 29
'53⁸⁹ ¹390 690 89898 8898 4896 6894 8898 4496 4797 40
umfflmmwfflfflmQae
{592 4594 4094 4495 4096 1597 1098 499 099 5510050 .
56 94 1695 8896 897 498 098 8699 52 10048 101 44 40440 “
QQQMQMQQQQQ
58 97 4898 46 99 44 400 44 404 404404 48 404 46 404 44 404 22 406 20
49 99 89 400 48 404 47 404 46404 44 40444 40444 406 44 40744 40840
ωἭἩΜΜἫΜἪΜἫἫι

404 404 404 404 4044406 407 408 409 440

ἐξ 4480 4484 48 82 4484 484 4984 46849486 40
*3-682 2483 1284 0844884 46864487 4488 0

84 4884 784 4484 44 80 4487 4488 44484 484 40

8

 

