ww

16 Tabu la sexagenaria deseruiem Multiplicm'0m'‚

11 1011-1511 10111511 3011 3511 40

1 ‘ssffl-„UMHAEU 1114 0
’ΞιΤῐῆις 1411 11111811411111111116 6Ῐ1Γῐῖ1ῖῖδ
817 2817 3617 4417 5218 018 81816111418111140
gwwfflwfflfflfflfflfflQ
ιο 21 5022 011 1011 1011 10114011 50 23 0⁸23 1011 10
1114 11411141114141441141611 1111811111140 ¹

²7 4318 0

10 710 10
11164140

Qfflwfflfflfflmfflfflfflffl

16 34- 5635 1235 ²⁸35 4⁴ 16 046 16 16 1116 ⁴⁸2⁵⁷ 437 10
Α ,1111 111 14171111 1818 1118 1118 4111 611 111140
1319181116191440114010404841 641 1441 4141 0

ῑῆῃῆῆῆπῆῆπῆ

10414044 041 Ζ044 4041 04110414046 046 1046 40
mwfflmfflmwQQffl‘
48 1481448464184110411110141016101811 20 '

1110111016101911 1111 4552 81111111411 ¹⁷53 40

61 861 1661 461 1161 061 2863 166414641161 10
1961 1961 4864 1764 4661 1161 4466 1166 4167 ,1167 40
1061 1066 ,1066 1067 061 1068 068 1069 069 4070 0

 

