:.u 862& 88³9.m›f 4

ῐΠῐῖῑῖῖᾟΐᾞῆΠῆΠΠΠ
4444 4444 4444 4644 4844 4044 4446 4446 4644 4848 0
3344¹3345 645-246 4446 4447 4847 4448 4448 4744 4ο,

4444 4446 4847 447 46Π48Ῑ444 mmmm
4447 4447 4048 4444 04⁹ 4440 40404444 2051 4444 4ο

4ΜΜΜΜΜΜΜΜΜΜ4·

m

'‚ 4749 4740 444ι '¹15¹ 4852 ¹5 44 ὶ44 49 44 4644 44 55 40, 4 ’

’ 4844 4844 46444 4444 4444 4044 4844 444 4446 44 47 0
· ἕψῃ-48844 4744 46444444 44 46 44 47 ¹257 5158 30

αι’-...αισ-

4044 044 40144 4046 046 404’7Ῠ“ῖὸ4“8“““ἱ44“8“ἷόῖ4““ῑ5ῖ5““ῑ

s 4155 2156 2556 4357 2458 558 46 59 2'760 860 φιω 3⁰

4448 448 4659 29⁶0 ¹²⁶0 ⁶¹ 4864 4464 464 4764 30
8¹60526136622063 463486432651555 0 ,
4460 44 44 4464 4464 064 4464 ’4064 44 66 0 67 4ο

ssffifffi'fflffi'ffisss 46 66 4467 2868 1469 o
47164 ²⁷i⁶⁴ 4464, 464 48¹2} §21⁶7 4468 968 46 69 ’4470 30 . Ι
4364 48164 3666 24⁶7 ¹2 ΜΘ &QUU

’-η-.- *ψ

wammwvaessffffimfflssnunmmo
10673015810691070 476 §om-4072 44474 4074 4074 0

4446 4447 4448 648 48ἪΉΜΜΜΜ .-
44

537133J2²⁶731974²²75 474 4376 5177 ’44ζέ 3779 30 ⁷
4474 4474 4874 4474 4676 4077 4478 4874 44844 484 4

4ηῆπῇῆῆῆῆῆπ,χ

4674 4676 4477 4878 2 79 2080 4484 4484 884 484

4776477 4478 4479480 4484 4484 4484 4684 „Q ἱ ,. 3

ssffiffiffiffiffifflffiffiffisr

4979 3980 38 84 37 84 4684 3584 4484 33 86 4287.;188 30 'sj .

&mmmmmfflmwmw

 

