ι ' ι ,Π ..Ὶ·.“ ι ,
Ι ρ . 0
Ι · *ta* y
' Ι

, Diut‘ssonu‘, (36133433844337403333337046384 8344 Τ

61 64 641 34 63 43 634 33 69 50

&mmmmmmwwmm2

nffiffiffiffiffiwffifflmffi
4 4434 4443 434 3634 834 4043 33 43 4446 4636 4843 40·

ssfflfflfflfflfflfflfflfflfflQ

3434 3433 833 4446 3636 3033 44 43 3838 3433 644 44
4343 3346 4046 4333 4033 3338 3043 343 4040 4444 50
fffflmfflwmwfflfflfflffl

⁵⁷³⁷ ³⁷³⁸ ¹⁴³⁸ 5¹³⁹ ²⁸⁴⁰ 5⁴0 4²4¹‚19'41 5⁶42 4344 ιο ·
’38 38 3833 4033 3440 44 43 10 41 4842 2643* 443 ⁴244. ψ

4040 4044 4044 044 4044 4044 04444043 4046 046 40
4444 4444 4443 343 44 4343 644 44464843 343 34
44 644 4 433046 3346 3447 3648 4843

4646 4643 4448 4843 443 30
4747 474⁸ 3449 4430 830 3333 4²52 4334 4644 444 40
6ΜΜΜΗΗΜΜΜΜΜΗ

4343 4330 383ι ²75² 3633 333 3334 43 33 443644 33 401 .
4040 3033 4034 3033 6034 ιο33 044 4036 4047 4038 401·
4ΜΜΜΜΜΜΜΜΜΜ

83433 3433 4434 3633 4836 4033 4443 448 4444 4440 44
3333 3334 4633 3336 3433 4338 3844 4444 434 576² 50
QQQQsj-jsss 039 44604864 4464 ,664-0

0 3333 3336 3037 4ἑ38 4039 3360 3063 4364 40644464 40 Ἢ
4646 5657 5258 4 33 4 60 4063 4664 4464 4864 4464 40 ,
EQMMQMMQQQQ·

*ΙΙ*

. 58 58 5859 46603463 5262 5⁰63 4864 4663 4466 4467 40

33 43 33 00 3864 33 64 3663 3364 3463 3366 5² 63 5¹ 68 30
4ωωωωωωωωωυ

63. 64 64 64 65 66 ’87 68 63 78

 

