Γ ;·171 171 171 174 171·176 177 171 171 110

‘WQOEOEOEQQOE
11111611711611110

1 111Τῖ1414
11 44644410414114161660
1 414811141770

m *ᾗ*

ῙῘᾟΠΠΠΠΗ 14174811 1111 1611 0

6 14 1014441414 1014 4114 4014 45 14 1014 1111 0
17 617 1117 1 17 1417 4017 4617 4117 4817 14180 Ι

ῖῆππῆῆῆῆῆῆπ
ssmmfflwwfflffimmss

ammmffiffimmnmffi
¹¹3¹ 1111 1111 4111 1411 411 1111 11111611 4111 0
1114 ,1114 1414 1614 4

11171171617191741ΠΠ.Π1Π18471Π
. 1411 1440 810014066401041.441 184111414641 0
,¹24² 45⁴3 04315322922-3244 0441144-4-8344ωζ1ᾐξῇ-ωξ“>
mmmm& 2⁴4⁶ 4οΠἲῗῖἶ47 1647 1448 0
ΜΜἎᾺΜἏΜἏΨΜΟ

1914 914 1814 ’4711 1611 1114 4416 116 1116 4117 ,0
1017017101740180181014011-0191019406011
6011160 44601481 1161 1661 1761 1861 4964-0

11 011 1111-14111611 4816. 0

74 147 1076 1676 4177 877147

7 417911711980 48041181 0
82 8811684 483 3²8⁴ ¹0

7² 30¹72 1171 1071 4174 1074 1174 g

8411 ’4814186 ,18691187 ο 8

11811981 8841784 68, 84
7108 088 4089 089 4090 0

&QQQM

’ ἓ 171 171 171.174 175176177·178 ¹7⁹ 180

 

